0 0.477591 0.516620 0.032213 0.091877
0 0.568277 0.508777 0.032913 0.060504
0 0.614496 0.498133 0.030112 0.043697
0 0.829482 0.503175 0.023109 0.058263
0 0.139706 0.505416 0.027311 0.056022
1 0.477241 0.486368 0.013305 0.017927
1 0.564512 0.488066 0.010893 0.009296
1 0.512769 0.488647 0.003994 0.009296
1 0.500968 0.488647 0.008715 0.010458
1 0.575769 0.490680 0.010167 0.014524
1 0.619523 0.488647 0.006899 0.009296
1 0.606451 0.488356 0.003268 0.008715
1 0.832866 0.488235 0.007003 0.015686
1 0.138889 0.489356 0.005602 0.011204