0 0.185621 0.507059 0.033333 0.120784
0 0.752778 0.500784 0.028431 0.095686
0 0.677733 0.486215 0.016488 0.030660
0 0.619133 0.482294 0.015152 0.031373
0 0.570113 0.484433 0.016934 0.034225
0 0.554961 0.480868 0.020499 0.032799
0 0.474517 0.481581 0.014691 0.029947
0 0.454026 0.483007 0.014706 0.037077
0 0.386289 0.483363 0.016488 0.029234
0 0.334373 0.484433 0.024955 0.034225
1 0.187691 0.472418 0.013725 0.031373
1 0.746814 0.472745 0.011275 0.021961
1 0.676961 0.474706 0.003922 0.010196
1 0.617647 0.473922 0.008824 0.010196
1 0.568137 0.475882 0.007843 0.012549
1 0.556863 0.475882 0.006863 0.009412
1 0.452740 0.474778 0.003017 0.008849
1 0.384992 0.474979 0.003771 0.006033
1 0.473856 0.474577 0.006033 0.006033