0 0.683660 0.526667 0.060784 0.125490
0 0.786111 0.487451 0.012745 0.072157
0 0.398775 0.495882 0.014216 0.046275
0 0.298284 0.490392 0.014216 0.035294
0 0.522059 0.492745 0.017647 0.040000
0 0.536765 0.489216 0.006863 0.031373
0 0.565441 0.491569 0.019118 0.032941
0 0.549020 0.485294 0.005882 0.029804
0 0.622794 0.490392 0.003431 0.035294
0 0.582108 0.484118 0.009314 0.025882
0 0.664216 0.482157 0.009804 0.031373
1 0.685784 0.474314 0.013725 0.015686
1 0.399020 0.477059 0.006863 0.014902
1 0.296569 0.477843 0.005882 0.014902
1 0.519853 0.479020 0.012255 0.014118
1 0.559804 0.482549 0.007843 0.008627