1 0.694444 0.484314 0.023529 0.025098
1 0.637346 0.484749 0.010349 0.011329
1 0.516703 0.485185 0.007625 0.006972
1 0.488653 0.484314 0.010349 0.010458
1 0.436093 0.483442 0.007625 0.008715
1 0.398511 0.482571 0.008715 0.010458
1 0.262890 0.483007 0.009804 0.013072
0 0.701888 0.537037 0.077342 0.183878
0 0.637890 0.494771 0.016885 0.048802
0 0.518882 0.488235 0.018519 0.035730
0 0.489198 0.494336 0.014706 0.039216
0 0.437727 0.496078 0.017429 0.060131
0 0.399056 0.498257 0.025054 0.066231
0 0.265069 0.501307 0.033769 0.089760
0 0.061111 0.490588 0.035294 0.072157
0 0.200327 0.490588 0.023529 0.021961