1 0.438920 0.458824 0.016340 0.021662
1 0.468098 0.459570 0.006536 0.011204
1 0.551899 0.459944 0.010738 0.007470
1 0.580143 0.459944 0.009337 0.008964
1 0.638967 0.461438 0.013072 0.004482
1 0.366324 0.459570 0.010271 0.011204
1 0.311702 0.457703 0.010271 0.010458
1 0.773312 0.455686 0.013725 0.020915
0 0.765795 0.461438 0.044444 0.084706
0 0.436189 0.486894 0.029928 0.112281
0 0.363691 0.460888 0.018060 0.040454
0 0.314155 0.467905 0.025284 0.046233
0 0.638459 0.459236 0.018576 0.023942
0 0.580667 0.465841 0.018576 0.035501
0 0.553062 0.465428 0.012900 0.034675
0 0.466632 0.467492 0.014448 0.053664