1 0.358409 0.520211 0.006410 0.013876
1 0.393477 0.523228 0.005656 0.010256
1 0.607392 0.522604 0.009198 0.016331
1 0.659502 0.524434 0.001508 0.011463
1 0.694005 0.524434 0.008673 0.012670
1 0.782271 0.524265 0.012255 0.017647
1 0.849228 0.521569 0.018717 0.014260
1 0.871955 0.525134 0.007130 0.021390
1 0.905823 0.524421 0.010695 0.014260
0 0.916518 0.543672 0.046346 0.092692
0 0.353238 0.535829 0.023173 0.071301
0 0.397356 0.530125 0.025847 0.048485
0 0.605021 0.523708 0.045455 0.052763
0 0.655823 0.528699 0.032977 0.071301
0 0.699941 0.524421 0.044563 0.054189
0 0.776589 0.533690 0.044563 0.061319
0 0.845662 0.527986 0.011586 0.069875
0 0.875966 0.532264 0.024064 0.101248