0 0.533170 0.518824 0.050000 0.185098
0 0.902778 0.508627 0.075490 0.192941
0 0.991340 0.473333 0.017320 0.094118
0 0.724837 0.465490 0.021569 0.047059
0 0.570863 0.479188 0.022704 0.079257
0 0.651359 0.463089 0.014448 0.035501
0 0.386653 0.459960 0.011352 0.026898
0 0.048856 0.456078 0.032353 0.034510
1 0.528268 0.448235 0.020588 0.031373
1 0.901307 0.448235 0.029412 0.037647
1 0.568137 0.449608 0.009804 0.016471
1 0.650000 0.450392 0.004902 0.011765
1 0.723529 0.449608 0.008824 0.010196
1 0.386253 0.451571 0.004428 0.012144