0 0.228758 0.566667 0.045098 0.136471
1 0.231209 0.523529 0.022549 0.018824
0 0.438725 0.527647 0.029412 0.086275
1 0.439216 0.498235 0.009804 0.022745
0 0.355483 0.478794 0.011983 0.033115
0 0.355369 0.478618 0.010644 0.030924
1 0.355089 0.466741 0.004482 0.006275
0 0.478898 0.503492 0.019048 0.063641
1 0.479458 0.483996 0.007843 0.009412
0 0.533170 0.480479 0.011438 0.028758
1 0.533007 0.473159 0.005229 0.007843
0 0.741667 0.637865 0.069608 0.220131
1 0.744281 0.557603 0.021895 0.029281
0 0.947876 0.502288 0.021569 0.056471
1 0.946405 0.481111 0.006863 0.012549