0 0.463072 0.487451 0.023529 0.081569
0 0.784641 0.478039 0.035294 0.062745
0 0.937240 0.471765 0.024213 0.050196
0 0.022222 0.474118 0.044444 0.073725
0 0.321895 0.467843 0.023529 0.051765
0 0.369489 0.467617 0.020677 0.029352
0 0.559863 0.462686 0.014260 0.034938
0 0.594177 0.469103 0.025847 0.042068
0 0.648767 0.465181 0.012923 0.045633
0 0.486780 0.466607 0.020499 0.031373
1 0.467395 0.459477 0.008467 0.017112
1 0.647207 0.458408 0.003565 0.006417
1 0.589721 0.458408 0.012478 0.013547
1 0.558304 0.458764 0.003119 0.014260
1 0.372475 0.459834 0.011141 0.004991
1 0.321673 0.464112 0.006684 0.014973
1 0.788351 0.461745 0.009227 0.016609